-1653.4 -6108.3 802.8
-1673.7 -6110.9 805.8
-1686.1 -6106.2 806.8
-1743.5 -6110.4 818.5
-1597.1 -6095.6 794.7
-1624.2 -6096.7 797.1
-1634.0 -6101.4 799.3
-1646.7 -6099.7 799.5
-1659.1 -6100.8 800.6
-1786.1 -6101.2 826.7
-1603.0 -6091.2 793.9
-1743.0 -6085.6 811.8
-1758.6 -6077.6 813.8
-1746.5 -6068.5 808.2
-1774.2 -6070.8 815.1
-1805.3 -6069.6 823.2
-1813.5 -6067.2 824.8
-1743.2 -6058.6 804.2
-1804.7 -6059.6 820.3
-1625.6 -6050.2 781.8
-1726.5 -6046.8 796.4
-1738.7 -6046.3 799.2
-1747.2 -6049.9 802.2
-1608.3 -6039.5 779.7
-1615.3 -6037.8 779.7
-1696.4 -6029.0 785.9
-1705.9 -6027.8 787.9
-1718.8 -6028.1 791.0
-1748.7 -6030.4 796.2
-1773.7 -6028.1 797.6
-1674.4 -6016.9 778.5
-1776.3 -6020.4 794.9
-1817.2 -6020.2 806.8
-1676.9 -6010.1 777.8
-1727.2 -5999.9 783.3
-1795.1 -5995.8 788.2
-1837.5 -5996.0 800.7
-1715.7 -5991.5 779.1
-1748.4 -5987.4 781.9
-1806.1 -5987.8 786.3
-1726.8 -5981.9 777.3
-1745.0 -5979.3 778.8
-1758.0 -5981.7 781.3
-1787.6 -5977.1 781.8
-1793.3 -5975.6 781.7
-1806.6 -5970.5 780.8
-1433.5 -6952.3 852.0
-1447.7 -6956.2 853.1
-1433.6 -6944.3 851.7
-1439.7 -6945.1 852.1
-1453.8 -6945.9 853.0
-1424.0 -6913.3 849.6
-1448.5 -6910.9 851.0
-1438.1 -6900.4 849.8
-1452.0 -6903.7 850.9
-1412.2 -6882.9 847.8
-1422.1 -6885.9 848.2
-1448.2 -6880.1 849.5
-1411.6 -6870.3 847.4
-1409.5 -6864.3 847.2
-1442.7 -6851.5 848.0
-1403.5 -6843.1 843.6
-1423.6 -6843.3 847.1
-1441.5 -6844.1 847.7
-1407.9 -6835.7 842.2
-1430.7 -6831.7 845.6
-1408.6 -6821.2 837.9
-1433.8 -6823.7 843.8
-1448.4 -6825.5 847.4
-1413.3 -6814.0 836.6
-1422.5 -6813.8 838.4
-1424.1 -6804.4 836.0
-1431.6 -6804.7 837.6
-1442.5 -6801.0 839.4
-1459.2 -6804.8 843.2
-1448.0 -6793.5 839.7
-1462.9 -6796.4 843.1
-1409.9 -6783.1 830.7
-1453.0 -6782.6 839.5
-1461.5 -6786.6 841.7
-1481.8 -6781.0 845.2
-1423.6 -6774.2 832.5
-1457.7 -6772.6 839.3
-1479.7 -6775.0 844.1
-1443.9 -6755.2 834.6
-1474.0 -6752.0 840.4
-1430.7 -6744.9 830.7
-1460.4 -6744.7 836.8
-1474.0 -6732.1 839.2
-1412.8 -6722.1 832.5
-1433.4 -6723.4 834.3
-1438.5 -6726.5 835.2
-1452.0 -6721.7 835.4
-1480.7 -6720.3 841.2
-1410.4 -6710.1 830.4
-1418.0 -6712.5 831.3
-1432.8 -6711.9 832.4
-1443.0 -6712.8 833.3
-1449.4 -6715.2 834.2
-1463.4 -6716.4 836.9
-1412.6 -6700.6 829.0
-1439.2 -6705.1 831.7
-1460.5 -6705.3 836.5
-1472.1 -6706.3 839.4
-1443.3 -6694.3 832.5
-1449.3 -6690.4 834.1
-1468.6 -6691.7 838.9
-1479.7 -6692.2 841.7
-1443.4 -6681.5 832.9
-1453.4 -6685.9 835.3
-1458.1 -6684.5 836.5
-1477.8 -6684.3 841.5
-1491.3 -6681.6 844.9
-1477.6 -6674.5 841.7
-1491.1 -6671.8 845.2
-1422.4 -6665.1 828.0
-1438.6 -6660.1 832.3
-1453.9 -6661.2 836.1
-1473.5 -6663.9 840.9
-1421.9 -6653.7 828.2
-1499.6 -6650.1 847.9
-1413.9 -6646.5 826.4
-1423.3 -6645.9 828.8
-1433.1 -6642.5 831.4
-1442.4 -6644.2 833.7
-1451.0 -6640.9 835.9
-1473.7 -6645.9 841.5
-1483.9 -6633.7 844.4
-1490.8 -6636.4 846.1
-1501.2 -6631.1 848.9
-1419.6 -6625.6 828.4
-1431.7 -6626.0 831.5
-1472.4 -6622.0 841.9
-1481.7 -6622.3 844.2
-1501.0 -6626.5 848.9
-1421.6 -6614.6 829.2
-1461.6 -6610.4 839.5
-1469.0 -6616.4 841.2
-1480.6 -6612.1 844.2
-1458.5 -6606.1 838.8
-1467.7 -6600.3 841.3
-1462.2 -6593.8 840.1
-1477.8 -6592.5 844.1
-1472.9 -6582.0 843.1
-1498.0 -6586.0 849.3
-1482.7 -6571.8 845.9
-1487.9 -6570.4 847.2
-1433.3 -6552.4 826.2
-1440.8 -6556.1 829.4
-1448.6 -6555.7 832.3
-1452.3 -6543.8 832.2
-1448.0 -6532.2 828.6
-1443.1 -6524.5 823.4
-1457.8 -6526.2 830.8
-1473.6 -6525.7 837.8
-1449.1 -6512.6 821.5
-1463.3 -6493.6 823.9
-1463.3 -6485.4 823.4
-1458.8 -6473.8 821.7
-1432.0 -6465.8 815.1
-1441.1 -6465.6 817.1
-1452.5 -6463.8 820.3
-1433.5 -6452.4 815.0
-1453.4 -6445.5 822.0
-1418.0 -6435.4 811.2
-1450.8 -6433.1 822.2
-1442.1 -6425.6 819.9
-1453.2 -6424.2 823.8
-1412.1 -6415.1 810.6
-1462.5 -6411.3 828.1
-1450.8 -6401.1 825.0
-1452.9 -6383.4 827.3
-1441.6 -6372.7 823.8
-1447.7 -6360.3 826.6
-1460.9 -6365.4 831.2
-1470.4 -6363.4 834.7
-1437.7 -6353.7 823.2
-1449.8 -6354.1 827.6
-1441.9 -6343.9 825.1
-1463.3 -6342.1 831.8
-1457.7 -6331.6 829.4
-1471.1 -6330.7 833.0
-1438.3 -6324.1 823.3
-1453.8 -6300.8 825.9
-1479.4 -6305.9 833.1
-1492.6 -6292.9 836.8
-1440.0 -6285.4 822.7
-1461.0 -6284.5 828.5
-1468.4 -6283.5 830.5
-1493.6 -6285.0 837.4
-1469.4 -6272.1 831.2
-1470.5 -6264.2 831.8
-1499.3 -6265.3 839.6
-1502.3 -6242.7 839.0
-1531.5 -6222.3 835.8
-1329.7 -5980.0 770.3
-1337.2 -5980.2 770.4
-1309.7 -5961.8 768.8
-1324.6 -6163.6 783.6
-1334.7 -6153.3 782.5
-1293.9 -6143.6 780.2
-1301.9 -6142.5 780.0
-1333.9 -6146.0 781.7
-1285.2 -6136.9 779.1
-1304.3 -6135.7 778.9
-1330.9 -6134.5 780.2
-1323.3 -6126.7 778.7
-1305.9 -6114.5 776.0
-1324.7 -6117.4 777.8
-1316.2 -6105.8 775.9
-1321.3 -6104.1 776.1
-1334.2 -6103.7 777.1
-1264.8 -6096.2 774.2
-1312.7 -6094.6 774.7
-1296.1 -6083.8 774.2
-1314.6 -6085.0 774.5
-1321.9 -6085.0 774.5
-1324.6 -6077.6 774.4
-1322.7 -6062.3 774.0
-1331.1 -6062.5 774.2
-1323.9 -6048.2 773.6
-1325.4 -6036.2 773.0
-1325.7 -6023.0 772.4
-1324.4 -6012.7 771.9
-1256.3 -5994.8 770.5
-1310.8 -5994.5 770.9
-1327.1 -6255.9 790.3
-1326.5 -6244.2 789.0
-1335.1 -6242.0 790.6
-1313.9 -6234.8 785.3
-1315.5 -6224.6 784.7
-1343.5 -6191.7 787.5
-1334.7 -6186.5 785.1
-1343.5 -6185.2 786.8
-1332.9 -6407.7 808.0
-1325.8 -6398.1 806.8
-1336.7 -6397.5 806.5
-1297.3 -6390.9 806.2
-1306.2 -6388.2 805.7
-1334.9 -6385.9 805.0
-1306.3 -6375.3 803.9
-1315.4 -6379.5 804.4
-1324.8 -6381.0 804.4
-1295.7 -6369.1 803.8
-1306.0 -6371.5 803.4
-1363.7 -6371.1 802.5
-1342.7 -6307.3 800.5
-1306.2 -6290.7 793.1
-1334.6 -6290.6 797.6
-1282.5 -6246.9 788.4
-1284.5 -6231.6 784.8
-1598.2 -5886.2 757.8
-1671.0 -5877.3 752.6
-1607.4 -5862.1 755.6
-1637.5 -5853.5 753.0
-1646.9 -5855.9 752.6
-1110.9 -6212.9 802.9
-1122.1 -6212.2 802.1
-1111.1 -6201.9 799.7
-1119.9 -6203.6 800.0
-1137.0 -6202.3 798.2
-1060.4 -6194.9 797.9
-1069.3 -6194.3 797.9
-1120.5 -6194.5 797.5
-1127.1 -6196.6 797.5
-1136.5 -6196.1 796.5
-1156.9 -6191.4 793.5
-1066.7 -6185.6 795.6
-1106.7 -6186.8 795.4
-1087.8 -6174.4 792.2
-1117.8 -6176.7 792.4
-1077.8 -6157.2 787.4
-1138.6 -6152.1 785.4
-1186.6 -6153.3 783.6
-1238.5 -6157.5 782.3
-1081.4 -6147.9 784.8
-1127.5 -6141.6 784.4
-1141.1 -6144.1 784.3
-1192.1 -6146.6 782.7
-1218.5 -6146.0 781.6
-1229.1 -6141.8 780.7
-1118.7 -6134.5 783.8
-1272.3 -6131.6 778.1
-1141.5 -6121.9 781.4
-1160.5 -6124.6 781.1
-1270.1 -6124.5 777.3
-1139.4 -6116.6 780.8
-1110.3 -6107.9 780.6
-1128.8 -6105.6 779.7
-1140.0 -6102.3 778.9
-1128.4 -6092.3 778.0
-1157.6 -6094.8 777.4
-1129.9 -6071.7 775.3
-1138.7 -6074.9 775.5
-1106.2 -6057.4 774.3
-1146.3 -6056.5 772.9
-1147.1 -6047.0 771.6
-1166.1 -6026.2 771.0
-1109.4 -6234.7 809.1
-1133.7 -6235.5 807.5
-942.8 -6178.7 798.1
-906.0 -6169.5 796.8
-943.0 -6168.8 794.6
-1034.4 -6167.9 790.4
-907.8 -6163.0 794.4
-946.9 -6163.2 792.4
-965.0 -6157.9 789.6
-1023.8 -6157.4 787.5
-836.1 -6147.8 787.3
-841.8 -6149.0 787.7
-873.9 -6150.7 788.8
-903.5 -6151.5 790.5
-931.9 -6150.2 788.6
-944.4 -6152.1 788.6
-965.3 -6153.3 788.0
-1065.9 -6149.1 785.2
-835.9 -6140.9 785.3
-863.6 -6140.1 785.5
-877.7 -6137.1 784.8
-882.8 -6142.4 786.4
-904.3 -6142.5 787.3
-1066.1 -6138.6 783.0
-822.4 -6127.0 781.0
-835.6 -6131.9 782.7
-846.1 -6131.4 782.8
-905.2 -6128.6 782.3
-924.0 -6133.6 783.1
-806.2 -6122.8 779.5
-823.0 -6120.5 779.2
-886.5 -6119.7 779.6
-904.6 -6120.8 780.1
-954.9 -6120.2 779.8
-972.5 -6118.8 779.5
-1008.2 -6121.2 779.9
-1016.4 -6119.0 779.4
-1024.1 -6121.9 779.9
-1075.7 -6119.0 780.9
-804.5 -6111.3 776.1
-903.1 -6108.0 778.4
-965.7 -6111.1 778.6
-1007.3 -6111.2 778.1
-1014.0 -6110.6 778.0
-1021.8 -6113.6 778.3
-1073.1 -6109.4 780.0
-786.5 -6100.8 771.8
-1084.9 -6102.0 779.9
-864.0 -6087.3 773.0
-954.3 -6092.3 777.2
-877.2 -6080.7 772.3
-903.8 -6083.5 774.6
-938.2 -6077.8 776.3
-782.6 -6072.1 761.7
-844.4 -6057.7 767.1
-892.1 -6028.4 765.3
-904.8 -6029.4 766.4
-906.3 -6023.2 765.5
-836.6 -6035.7 762.8
-855.4 -6034.5 763.6
-849.9 -6022.3 761.3
-1019.4 -5822.8 754.0
-1050.6 -5795.5 753.1
-1071.6 -5779.9 752.7
-1071.7 -5773.9 752.2
-1080.4 -5773.6 752.6
-1196.6 -5763.8 755.0
-1205.3 -5764.0 755.1
-1147.5 -5755.1 754.0
-1192.8 -5758.8 754.7
-1205.5 -5759.7 754.8
-1211.8 -5755.6 754.6
-1141.7 -5745.3 752.9
-1217.4 -5746.1 754.0
-1212.2 -5735.9 753.4
-1221.3 -5738.2 753.6
-1206.7 -5725.7 752.7
-1212.3 -5723.4 752.6
-1207.0 -5709.7 751.7
-1577.3 -5802.2 753.8
-1581.0 -5793.6 752.7
-1587.1 -5791.6 752.1
-1323.2 -5684.1 751.4
-1397.6 -5672.5 751.5
-1513.4 -5771.7 756.2
-1531.9 -5767.0 754.8
-1524.6 -5729.1 754.2
-1513.5 -5720.8 754.0
-1477.3 -5697.5 753.1
-1485.0 -5696.9 753.1
-1316.2 -5885.9 763.7
-1321.5 -5883.3 763.6
-1355.5 -5889.0 764.2
-1345.8 -5878.6 763.4
-1355.6 -5877.4 763.4
-1354.5 -5867.4 762.7
-1305.8 -5855.5 761.6
-1386.9 -5793.1 758.1
-1375.5 -5785.2 757.6
-1382.9 -5785.1 757.6
-1393.1 -5786.7 757.8
-1386.8 -5777.6 757.1
-1401.7 -5756.0 756.0
-1406.0 -5746.9 755.6
-1405.8 -5739.1 755.1
-1411.3 -5736.1 755.0
-1396.5 -5727.3 754.4
-1243.6 -6198.9 785.3
-1259.4 -5634.3 750.0
-1281.5 -5632.6 750.0
-1251.2 -5617.9 750.0
-1301.8 -5608.3 750.0
-1304.2 -5595.6 750.0
-1471.3 -5669.5 751.5
-1458.9 -5656.2 750.7
-1489.0 -5655.1 750.6
-1509.6 -5696.0 752.6
-1500.2 -5691.3 752.6
-1107.5 -6304.7 827.7
-1119.9 -6303.4 825.6
-1129.6 -6300.6 823.5
-1147.4 -6304.7 822.1
-1100.0 -6290.7 825.2
-1130.1 -6294.8 822.0
-1151.9 -6285.1 816.4
-1100.5 -6274.5 820.9
-1149.2 -6274.1 814.0
-1547.4 -5900.5 762.0
-1587.3 -5902.2 759.6
-1551.1 -5871.6 759.8
-1547.2 -5827.5 757.0
-1446.1 -5926.7 767.6
-1488.1 -5908.4 766.3
-1505.6 -5906.2 765.0
-1519.1 -5907.1 764.2
-1429.6 -5901.3 765.7
-1434.7 -5897.2 765.5
-1464.4 -5896.1 765.7
-1499.1 -5897.1 764.8
-1520.7 -5901.0 763.7
-1527.1 -5900.2 763.3
-1537.0 -5902.3 762.8
-1449.1 -5890.1 765.1
-1457.0 -5891.3 765.3
-1466.6 -5891.5 765.4
-1484.7 -5885.8 765.0
-1497.3 -5889.5 764.4
-1489.5 -5881.5 764.4
-1425.9 -5866.8 763.3
-1506.9 -5869.1 762.4
-1474.4 -5826.5 761.0
-1509.1 -5821.9 759.0
-1489.1 -5810.7 759.5
-1505.8 -5811.7 758.5
-1530.4 -5798.5 756.3
-1377.9 -6121.8 781.6
-1387.9 -6120.9 782.0
-1394.5 -6123.4 782.6
-1355.2 -6115.4 779.7
-1376.3 -6114.5 780.7
-1388.3 -6104.1 780.2
-1359.3 -6093.3 777.5
-1485.5 -6094.0 785.0
-1526.5 -6092.8 788.1
-1559.6 -6093.4 791.1
-1584.4 -6090.5 792.2
-1343.7 -6079.6 775.1
-1418.7 -6085.3 779.8
-1578.0 -6083.3 789.6
-1589.1 -6081.8 789.9
-1436.0 -6070.9 779.1
-1446.6 -6073.5 779.9
-1457.7 -6072.6 780.4
-1417.0 -6065.3 777.6
-1447.8 -6060.6 778.6
-1459.5 -6060.1 779.1
-1566.9 -6064.4 782.5
-1356.6 -6052.0 774.1
-1429.4 -6050.3 776.5
-1456.9 -6053.4 778.2
-1564.6 -6051.0 780.0
-1578.4 -6050.4 780.4
-1587.6 -6055.3 781.4
-1355.6 -6044.9 773.7
-1443.6 -6043.9 776.5
-1455.4 -6045.6 777.3
-1565.9 -6041.5 778.6
-1579.0 -6040.8 778.9
-1587.4 -6045.0 779.8
-1364.2 -6031.1 773.1
-1414.3 -6032.8 773.9
-1567.6 -6034.9 777.7
-1338.4 -6021.4 772.4
-1364.4 -6022.9 772.7
-1379.4 -6025.8 773.0
-1397.5 -6024.5 773.1
-1408.1 -6019.5 773.0
-1414.5 -6024.8 773.3
-1398.3 -6014.8 772.6
-1418.0 -6011.2 772.6
-1425.5 -6014.5 772.9
-1445.7 -6015.4 773.5
-1458.0 -6012.4 773.8
-1427.0 -5999.2 772.2
-1468.9 -5999.9 772.9
-1487.6 -5999.4 773.7
-1528.7 -5999.7 773.5
-1558.5 -6005.4 774.1
-1403.2 -5994.2 771.7
-1446.5 -5994.8 772.1
-1505.0 -5992.2 772.7
-1516.9 -5995.0 773.0
-1536.3 -5991.3 772.5
-1436.1 -5991.2 771.9
-1419.5 -5980.3 771.1
-1426.5 -5983.6 771.4
-1455.6 -5980.4 771.4
-1435.8 -5971.4 770.6
-1380.9 -5961.4 769.4
-1385.4 -5962.0 769.5
-1409.1 -5961.2 769.7
-1418.2 -5962.7 769.9
-1388.2 -5950.3 768.7
-1396.9 -5954.1 769.1
-1421.2 -5954.9 769.3
-1573.2 -6001.9 773.6
-1580.8 -5998.9 773.3
-1581.9 -5994.2 772.7
-1651.5 -5989.4 771.7
-1581.6 -5983.2 770.8
-1580.8 -5974.0 769.2
-1610.1 -5974.0 769.0
-1640.5 -5969.4 768.6
-1593.0 -5961.1 766.9
-1600.3 -5960.6 766.7
-1637.3 -5962.9 767.2
-1653.0 -5961.4 767.3
-1687.2 -5959.1 767.7
-1591.6 -5952.3 765.3
-1600.4 -5949.5 764.8
-1682.8 -5955.1 766.8
-1553.1 -5942.3 764.5
-1578.0 -5939.2 763.2
-1610.1 -5942.9 763.6
-1620.8 -5942.7 763.4
-1628.2 -5942.6 763.4
-1409.9 -6391.5 811.6
-1372.0 -6347.4 804.2
-1393.7 -6351.7 807.8
-1405.1 -6351.7 811.4
-1420.3 -6348.9 817.1
-1409.7 -6331.4 813.9
-1423.1 -6331.0 818.8
-1353.7 -6319.9 801.9
-1423.7 -6318.8 818.8
-1375.1 -6307.7 806.2
-1382.5 -6307.1 807.5
-1410.1 -6308.3 814.2
-1402.4 -6299.9 811.9
-1420.7 -6298.1 817.0
-1374.7 -6280.6 803.0
-1393.0 -6276.2 807.6
-1398.7 -6280.7 809.7
-1419.9 -6282.3 817.0
-1400.6 -6272.1 810.0
-1411.5 -6260.8 813.1
-1374.9 -6237.0 799.6
-1408.7 -6237.7 811.1
-1401.0 -6227.8 808.0
-1363.8 -6208.9 794.4
-1374.9 -6210.2 798.3
-1379.8 -6210.7 800.0
-1394.6 -6207.0 804.8
-1393.2 -6201.4 804.0
-1354.9 -6167.0 786.2
-1361.0 -6166.6 787.3
-1369.2 -6171.0 790.6
-1449.4 -5823.8 760.6
-1419.1 -5802.9 759.0
-1424.5 -5805.5 759.2
-1407.0 -5791.7 758.2
-1425.1 -5794.8 758.5
-1488.2 -5790.6 758.4
-1419.3 -5779.5 757.5
-1407.0 -5775.4 757.1
-1495.6 -5764.9 756.9
-1417.7 -5751.4 755.9
-1447.9 -5721.5 754.5
-1360.9 -5926.4 766.9
-1360.2 -5919.8 766.4
-1054.7 -5858.1 758.6
-1246.0 -5726.7 753.0
-1245.7 -5719.8 752.6
-1284.4 -5871.4 762.4
-1285.2 -5856.2 761.5
-1151.9 -6006.7 770.1
-1146.5 -5995.1 769.5
-1105.6 -5985.9 768.7
-1126.8 -5986.0 768.9
-1140.1 -5980.6 768.7
-1139.0 -5975.1 768.3
-1125.6 -5929.2 765.1
-1204.2 -5917.0 764.9
-1226.4 -5918.3 765.1
-1197.0 -5897.4 763.5
-1197.8 -5889.2 763.0
-1261.6 -5950.5 767.7
-1187.0 -6108.6 778.2
-1244.7 -6110.3 776.5
-1184.6 -6102.3 777.5
-1226.7 -6104.6 776.4
-1231.8 -6103.1 776.0
-1206.7 -6061.0 772.4
-1206.8 -6053.8 772.2
-966.3 -6069.3 775.3
-965.4 -6047.3 773.5
-1043.1 -6053.0 774.3
-1077.9 -6038.5 772.8
-1068.9 -6009.1 769.3
-1073.6 -6013.1 769.7
-1066.8 -6002.9 769.1
-999.6 -5987.1 766.8
-1067.3 -5988.4 768.5
-1067.5 -5982.3 768.2
-1075.1 -5980.8 768.1
-998.3 -5969.0 765.2
-1014.3 -5972.9 766.7
-1024.2 -5971.1 767.0
-1085.6 -5926.9 764.7
-1104.0 -5930.5 765.0
-1424.2 -6266.3 817.7
-1436.9 -6267.7 822.0
-1427.6 -6255.9 818.3
-1456.6 -6258.1 828.2
-1442.7 -6247.6 823.0
-1454.4 -6249.6 827.1
-1466.1 -6245.7 830.9
-1423.3 -6237.2 816.0
-1444.9 -6236.0 823.2
-1452.2 -6236.3 825.7
-1463.4 -6234.7 829.4
-1418.0 -6227.2 813.7
-1424.1 -6214.7 815.2
-1435.2 -6219.0 819.1
-1486.0 -6215.1 829.1
-1497.4 -6219.7 831.7
-1588.5 -6215.1 839.1
-1413.1 -6204.2 810.5
-1447.7 -6209.2 819.5
-1477.4 -6206.8 825.0
-1495.1 -6208.6 827.9
-1586.8 -6206.1 835.7
-1597.0 -6205.9 836.4
-1408.3 -6200.1 808.2
-1468.6 -6198.0 820.4
-1508.6 -6197.4 825.7
-1552.9 -6196.6 829.6
-1416.9 -6190.3 806.9
-1478.1 -6183.7 817.9
-1484.5 -6186.1 819.8
-1595.5 -6187.6 829.2
-1655.1 -6189.1 834.1
-1662.6 -6183.7 832.5
-1482.8 -6175.6 816.3
-1574.5 -6177.0 823.5
-1606.9 -6175.9 825.5
-1644.9 -6176.0 828.3
-1697.8 -6176.2 835.7
-1472.5 -6167.1 811.3
-1487.5 -6166.8 813.0
-1593.2 -6166.5 820.8
-1608.1 -6166.7 822.0
-1664.0 -6168.0 826.5
-1692.4 -6166.1 830.7
-1705.1 -6167.2 833.5
-1748.5 -6164.1 840.7
-1485.3 -6159.3 809.5
-1594.2 -6158.9 817.9
-1603.0 -6157.8 818.1
-1617.7 -6159.5 819.9
-1626.5 -6157.9 819.9
-1635.8 -6154.3 819.2
-1645.6 -6157.3 821.0
-1654.3 -6156.6 821.4
-1667.5 -6159.1 823.3
-1698.7 -6157.4 828.5
-1705.6 -6155.0 828.8
-1746.0 -6154.1 835.9
-1775.0 -6158.7 846.1
-1474.9 -6150.1 805.6
-1484.0 -6149.5 805.3
-1514.4 -6149.0 807.7
-1647.9 -6144.6 816.3
-1666.3 -6144.5 817.6
-1685.7 -6147.9 822.4
-1742.7 -6144.5 831.5
-1395.3 -6134.1 784.0
-1412.8 -6134.6 787.9
-1458.8 -6136.2 798.3
-1473.4 -6136.4 799.8
-1487.5 -6136.2 799.9
-1552.2 -6137.9 806.2
-1623.7 -6138.5 812.1
-1662.3 -6139.3 815.2
-1696.0 -6138.8 820.7
-1705.8 -6136.9 821.8
-1744.4 -6139.9 830.1
-1764.7 -6134.1 832.7
-1426.1 -6130.2 789.3
-1472.6 -6128.2 796.3
-1484.2 -6125.2 794.8
-1505.0 -6128.4 798.0
-1533.8 -6124.6 798.9
-1557.4 -6124.0 800.6
-1564.5 -6124.2 801.4
-1586.6 -6128.2 805.0
-1598.3 -6129.7 806.6
-1606.4 -6129.0 807.0
-1634.6 -6123.9 807.3
-1644.6 -6124.6 808.2
-1656.6 -6127.7 810.3
-1768.0 -6125.0 829.8
-1772.8 -6126.1 831.6
-1464.1 -6119.9 793.1
-1493.9 -6115.9 791.7
-1502.7 -6116.0 792.5
-1527.0 -6114.5 794.0
-1587.4 -6118.1 800.7
-1594.3 -6113.8 799.5
-1635.6 -6119.3 805.4
-1646.8 -6115.1 804.6
-1674.1 -6119.0 808.9
-1713.6 -6117.4 815.6
-1733.8 -6117.4 819.3
-1492.8 -6108.6 789.1
-1507.4 -6104.1 789.2
-1515.5 -6105.8 790.4
-1527.7 -6108.6 792.1
-1543.0 -6108.0 793.3
-971.2 -5945.9 761.5
-988.7 -5927.7 761.5
-1380.9 -6160.5 789.6
-1114.4 -5788.3 755.4
-1089.2 -5767.5 752.4
-1101.6 -5771.3 753.3
-1115.0 -5768.4 753.7
-1091.3 -5763.0 752.1
-1115.6 -5750.5 752.2
-1091.8 -5742.6 750.4
-1104.8 -5719.4 750.0
