-3267.5 -8878.1 1696.5
1499.6 -5765.5 753.4
2976.4 -7431.9 755.7
2935.7 -7479.3 755.9
3050.1 -7364.0 755.6
2946.6 -7552.5 756.0
2969.8 -7551.0 756.0
2986.8 -7542.8 755.9
2930.3 -7562.9 756.1
2865.5 -7584.6 756.3
2844.1 -7589.3 756.3
2903.4 -7562.6 756.2
2786.1 -7564.8 756.6
2796.5 -7552.2 756.6
2759.2 -7541.2 756.7
2753.5 -7567.0 756.7
2847.9 -7527.4 756.4
2852.0 -7549.4 756.4
2793.0 -7511.4 756.7
2776.7 -7532.7 756.7
2773.9 -7450.4 756.6
2839.7 -7474.9 756.3
2792.1 -7379.7 756.2
2935.0 -7436.6 755.7
2940.1 -7323.1 755.8
2957.0 -7322.2 755.8
2859.5 -7315.3 756.0
2865.8 -7281.9 756.0
2884.9 -7281.6 756.0
2834.7 -7293.9 756.1
2846.3 -7287.6 756.1
2996.2 -7320.0 755.7
3018.4 -7317.5 755.6
3043.5 -7309.3 755.6
2989.0 -7274.7 755.7
3035.0 -7260.3 755.6
2991.5 -7264.7 755.7
2968.6 -7286.3 755.8
3032.5 -7438.8 755.5
3019.7 -7429.7 755.6
3104.6 -7324.7 755.4
3156.0 -7318.1 755.3
3176.7 -7330.0 755.3
3212.2 -7224.4 754.8
3222.5 -7208.4 754.7
3154.8 -7179.8 754.7
3150.4 -7201.5 754.9
3140.4 -7211.5 755.0
3129.7 -7217.5 755.1
3168.9 -7168.8 754.6
3253.2 -7113.2 754.4
3259.8 -7094.9 754.2
3228.5 -7190.8 754.6
3211.5 -7114.7 754.4
3216.2 -7096.5 754.2
3206.5 -7084.3 754.1
3177.7 -7085.8 754.2
3131.0 -7119.1 754.4
3148.5 -7099.0 754.2
3236.3 -7081.7 754.1
3242.9 -7072.6 754.0
3162.7 -7292.2 755.3
3150.0 -7286.7 755.3
2899.7 -7313.9 755.9
2894.3 -7299.4 755.9
2923.7 -7176.0 755.5
2939.1 -7161.0 755.4
2883.9 -7176.4 755.6
2862.2 -7200.9 755.8
2901.0 -7153.7 755.5
2918.9 -7143.2 755.4
2913.8 -7132.0 755.3
2937.8 -7130.6 755.2
2923.3 -7123.5 755.2
2944.3 -7123.5 755.2
2940.5 -7113.0 755.1
2930.4 -7118.8 755.2
2910.8 -7070.6 755.0
2889.4 -7070.9 755.1
2883.4 -7058.1 755.0
2933.4 -7039.4 754.9
2982.1 -7058.7 754.7
3007.5 -7092.0 754.8
3033.6 -7089.3 754.7
3056.9 -7070.3 754.4
2807.9 -7119.4 755.6
2849.9 -7098.8 755.4
2831.9 -7164.9 755.7
2840.0 -7156.4 755.7
2851.2 -7149.0 755.6
2855.6 -7139.5 755.5
2861.7 -7131.0 755.5
2865.1 -7123.5 755.4
2868.5 -7110.6 755.4
2758.9 -7124.5 755.8
2766.3 -7130.3 755.8
2825.2 -7063.1 755.2
2805.2 -7052.6 755.1
2797.4 -7027.5 755.1
2849.9 -7052.3 755.1
2830.2 -7049.2 755.1
2819.8 -7049.6 755.1
2838.7 -7029.9 755.1
2747.0 -7097.7 755.8
2744.6 -7087.2 755.7
2737.9 -7077.4 755.6
2729.8 -7063.1 755.4
2740.6 -7066.5 755.5
2749.4 -7073.3 755.5
2749.7 -7062.8 755.4
2713.9 -7122.5 755.9
2706.4 -7116.1 755.9
2719.6 -7112.0 755.9
2683.8 -7072.6 755.7
2792.7 -7166.6 755.9
2781.9 -7179.8 756.0
2768.7 -7187.3 756.0
2763.3 -7195.8 756.1
2740.9 -7203.6 756.2
2731.8 -7211.0 756.3
2729.1 -7246.0 756.3
2726.4 -7256.8 756.4
2728.4 -7266.7 756.4
2719.6 -7286.3 756.4
2742.6 -7287.7 756.3
2744.0 -7272.8 756.3
2757.8 -7276.2 756.3
2766.6 -7266.7 756.3
2781.9 -7269.7 756.2
2793.0 -7302.6 756.2
2784.9 -7312.8 756.2
2773.1 -7305.7 756.2
2752.8 -7311.1 756.3
2703.7 -7304.7 756.4
2690.5 -7268.0 756.4
2699.7 -7256.8 756.4
2781.2 -7238.5 756.2
2801.8 -7269.0 756.2
2813.0 -7263.9 756.1
2822.1 -7254.4 756.1
2685.8 -7194.4 756.3
2699.0 -7180.8 756.2
2632.7 -7157.8 756.3
2591.1 -7181.2 756.6
2572.8 -7192.0 756.7
2563.0 -7195.4 756.7
2531.5 -7184.6 756.8
2659.2 -7094.1 756.0
2646.9 -7105.8 756.2
2623.7 -7125.3 756.3
2609.1 -7126.0 756.4
2612.4 -7114.7 756.4
2620.2 -7105.4 756.2
2629.4 -7102.6 756.2
2638.3 -7092.4 756.0
2649.4 -7087.2 755.9
2637.5 -7084.5 755.9
2645.6 -7095.4 756.1
2597.6 -7122.8 756.5
2584.2 -7147.6 756.5
2575.7 -7158.4 756.5
2563.6 -7162.8 756.6
2549.4 -7184.3 756.7
2536.6 -7156.4 756.7
2516.6 -7142.4 756.8
2657.5 -7343.3 756.7
2644.0 -7313.1 756.6
2657.9 -7300.2 756.5
2631.1 -7353.8 756.9
2619.6 -7358.5 756.9
2603.7 -7351.4 757.0
2595.6 -7364.0 757.1
2578.7 -7370.4 757.2
2568.2 -7381.6 757.3
2552.0 -7355.5 757.3
2559.7 -7349.4 757.2
2567.5 -7338.2 757.1
2563.8 -7323.6 757.1
2548.3 -7322.9 757.1
2527.6 -7339.2 757.3
2514.4 -7355.5 757.4
2565.5 -7302.2 757.0
2581.7 -7298.8 756.9
2590.9 -7283.9 756.8
2568.5 -7270.7 756.8
2611.8 -7271.0 756.6
2615.9 -7259.2 756.6
2617.6 -7245.6 756.6
2606.1 -7253.1 756.6
2586.8 -7252.4 756.7
2576.0 -7239.1 756.7
2466.7 -7170.0 757.0
2476.5 -7108.2 756.9
2461.0 -7402.0 757.9
2466.0 -7394.8 757.8
2476.9 -7388.1 757.8
2483.6 -7383.3 757.7
2492.1 -7375.5 757.6
2482.3 -7373.1 757.7
2494.8 -7366.0 757.6
2435.3 -7336.8 757.8
2443.4 -7326.0 757.7
2451.5 -7316.5 757.6
2459.3 -7311.4 757.5
2469.8 -7310.0 757.5
2471.1 -7301.9 757.4
2472.8 -7290.4 757.4
2476.2 -7279.2 757.3
2402.1 -7356.5 758.0
2387.9 -7385.7 758.2
2356.1 -7384.7 758.3
2352.4 -7346.7 758.2
2333.1 -7344.0 758.3
2358.1 -7294.8 758.0
2340.2 -7300.9 758.1
2329.4 -7301.9 758.1
2262.7 -7484.0 758.7
2261.7 -7472.5 758.7
2262.1 -7461.3 758.7
2272.2 -7447.8 758.7
2291.2 -7444.0 758.7
2342.9 -7456.9 758.4
2371.0 -7448.1 758.3
2363.9 -7450.8 758.4
2393.7 -7492.2 758.2
2366.9 -7501.3 758.3
2355.4 -7503.7 758.3
2342.9 -7508.1 758.4
2514.4 -7508.8 757.7
2497.8 -7518.0 757.8
2483.0 -7526.8 757.8
2468.4 -7535.3 757.9
2449.5 -7542.0 757.9
2441.3 -7545.4 757.9
2473.2 -7531.2 757.8
2418.7 -7556.0 758.0
2409.2 -7560.4 758.0
2399.4 -7560.4 758.1
2384.5 -7562.4 758.1
2362.2 -7564.1 758.2
2340.9 -7568.5 758.3
2318.2 -7575.3 758.3
2307.4 -7581.1 758.3
2290.8 -7592.9 758.4
2277.6 -7592.6 758.5
2252.9 -7610.2 758.7
2238.4 -7553.2 758.7
2246.5 -7552.9 758.7
2254.3 -7550.2 758.6
2263.8 -7545.4 758.6
2270.9 -7536.6 758.6
2179.5 -7673.7 759.3
2191.0 -7666.2 759.2
2203.5 -7655.7 759.1
2212.3 -7646.2 759.0
2225.5 -7634.0 758.9
2234.3 -7625.5 758.8
2238.7 -7711.0 759.0
2248.2 -7698.4 758.9
2267.1 -7698.1 758.8
2282.0 -7695.7 758.7
2316.2 -7682.8 758.4
2301.6 -7672.3 758.5
2300.0 -7657.0 758.5
2308.4 -7640.4 758.4
2330.1 -7638.7 758.3
2677.4 -7442.5 757.0
2690.7 -7434.1 756.9
2707.9 -7426.5 756.8
2681.8 -7394.3 756.8
2612.5 -7418.8 757.2
2592.9 -7427.3 757.4
2602.9 -7430.9 757.3
2612.9 -7436.1 757.3
2627.0 -7441.3 757.2
2847.3 -7373.4 756.0
2842.5 -7387.5 756.0
2842.9 -7399.1 756.0
2839.3 -7430.9 756.2
2853.7 -7434.9 756.1
2867.7 -7440.9 756.1
2877.8 -7446.9 756.0
2889.0 -7451.0 756.0
2909.8 -7463.8 756.0
2853.7 -7455.8 756.2
3043.3 -7564.9 755.7
3083.2 -7543.2 755.4
3081.3 -7511.6 755.4
3079.1 -7408.5 755.5
3067.0 -7416.9 755.5
3111.4 -7386.8 755.4
3037.8 -7358.6 755.6
3036.3 -7623.2 755.5
3028.6 -7617.0 755.6
3038.5 -7613.7 755.6
2994.9 -7611.5 755.7
2994.2 -7622.1 755.7
2966.7 -7609.3 755.8
3031.9 -7761.6 755.1
3029.7 -7736.3 755.2
3073.6 -7757.6 755.0
3085.4 -7752.1 755.0
3097.8 -7744.0 755.0
2922.1 -7786.2 755.4
2897.9 -7838.0 755.4
2844.1 -7795.8 755.7
2840.8 -7783.3 755.7
2822.5 -7786.2 755.8
2833.9 -7242.1 756.1
2852.1 -7253.2 756.0
2883.3 -7252.9 756.0
2893.2 -7236.6 755.9
2812.3 -7223.0 756.1
2816.5 -7202.7 756.0
2808.2 -7214.7 756.1
2280.9 -7975.7 759.8
2291.3 -7977.4 759.8
2307.3 -7965.2 759.6
2392.7 -7922.9 758.9
2394.7 -7911.3 758.8
2384.0 -8019.1 759.3
2426.4 -7980.6 758.9
2226.8 -8076.1 759.9
2241.9 -8075.8 759.8
2140.3 -8053.1 760.0
2126.6 -8036.2 760.0
2143.2 -7943.9 759.9
2245.1 -7831.5 759.4
2260.8 -7827.7 759.3
2273.0 -7822.2 759.2
2292.8 -7817.8 759.1
2302.7 -7813.7 759.0
2330.8 -7782.3 758.6
2320.7 -7771.8 758.6
2201.9 -7757.5 759.3
2197.8 -7720.3 759.3
2670.0 -8116.5 757.4
2654.4 -8109.3 757.6
2662.8 -8102.1 757.5
2653.1 -8093.2 757.6
2656.5 -8059.3 757.7
2669.2 -8044.9 757.6
2684.4 -8055.5 757.4
2680.1 -8032.2 757.5
2701.3 -8031.8 757.3
2696.2 -8020.0 757.3
2705.5 -7998.4 757.2
2719.8 -7997.1 757.1
2719.8 -7984.8 757.0
2719.8 -7974.6 757.0
2727.0 -7978.9 757.0
2695.8 -7984.4 757.2
2668.3 -7982.7 757.4
2658.2 -7999.6 757.5
2635.4 -8047.1 757.8
2650.6 -8031.0 757.7
2716.0 -8098.7 757.0
2731.3 -8097.4 756.8
2743.1 -8090.7 756.7
2732.9 -8072.0 756.9
2740.1 -8040.3 756.9
2775.6 -8031.4 756.5
2783.6 -8006.0 756.5
2791.2 -7991.6 756.5
2757.9 -8007.7 756.8
2767.6 -7979.3 756.7
2784.9 -7964.5 756.5
2618.5 -8168.1 757.3
2667.1 -8184.7 756.6
2791.2 -8194.4 755.0
2776.0 -8180.0 755.3
2787.0 -8166.0 755.3
2798.0 -8145.7 755.5
2807.3 -8131.3 755.6
2815.7 -8113.1 755.7
2822.9 -8097.4 755.8
2827.1 -8087.7 755.9
2830.5 -8077.5 755.9
2840.2 -8061.0 755.8
2849.5 -8040.7 755.8
2831.3 -8034.8 756.0
2856.7 -8012.8 755.8
2856.7 -8002.2 755.8
2866.0 -8006.8 755.7
2808.5 -7915.8 756.2
2829.6 -7921.7 756.1
2824.2 -7907.3 756.0
2837.2 -7894.2 755.9
2826.3 -7869.2 755.9
2845.7 -7880.6 755.8
2818.7 -7829.0 755.8
2861.3 -7820.5 755.5
2896.8 -7943.7 755.5
2903.6 -7941.6 755.5
2906.9 -7929.3 755.5
2984.2 -7837.0 755.0
2895.1 -7758.7 755.6
2871.5 -7657.5 756.0
2838.5 -7651.6 756.2
2838.1 -7651.6 756.2
2819.9 -7649.5 756.2
2886.7 -7638.9 756.0
2792.1 -7604.1 756.5
2728.7 -7659.2 756.5
2972.8 -7786.6 755.3
2973.7 -7798.9 755.2
3021.4 -7906.9 755.2
3004.5 -7924.7 755.2
2983.0 -7943.7 755.1
2974.9 -7956.9 755.2
2951.3 -7968.3 755.1
2968.6 -7972.1 755.2
2950.4 -7980.1 755.2
2927.6 -8025.9 755.2
2907.8 -8053.8 755.2
2453.9 -7465.4 758.0
2463.3 -7453.9 758.0
2494.1 -7456.4 757.9
2512.0 -7464.4 757.8
2479.7 -7595.9 757.7
2491.6 -7611.8 757.6
2521.4 -7613.3 757.4
2519.9 -7551.0 757.6
2588.4 -7590.4 757.3
2453.4 -7697.0 757.6
2486.1 -7665.1 757.4
2620.2 -7574.9 757.2
2650.8 -7573.7 757.1
2657.5 -7514.2 757.2
2538.8 -7503.2 757.6
2551.7 -7498.8 757.6
2565.6 -7492.3 757.5
2572.6 -7515.7 757.5
2487.6 -7425.1 757.9
2500.5 -7417.1 757.8
2508.0 -7414.1 757.7
2530.3 -7404.1 757.6
2542.7 -7396.2 757.5
2556.7 -7597.9 757.4
2618.7 -7586.4 757.2
2477.7 -7626.7 757.6
2427.5 -7611.8 757.8
2388.3 -7718.9 758.1
2360.0 -7630.2 758.0
2350.1 -7644.7 758.1
2370.9 -7653.6 758.0
2428.5 -7481.8 758.1
2101.5 -7765.3 760.0
2075.1 -7748.3 760.3
2137.7 -7684.4 759.5
2119.8 -7689.9 759.7
2110.9 -7699.1 759.7
2221.3 -7577.3 758.8
2223.5 -7566.8 758.7
2169.6 -7963.2 759.8
2184.2 -7959.0 759.9
2190.6 -7959.0 759.9
2179.4 -7915.7 760.0
2185.0 -7897.1 760.1
2172.4 -7902.4 760.1
2160.2 -7919.3 760.0
2684.8 -7633.6 756.8
-1218.7 7352.2 1088.2
2779.0 -168.0 816.8
-1209.5 -5809.1 758.0
-2038.1 -4513.5 759.6
2932.5 -3861.6 752.2
2999.3 -3888.1 752.7
2955.2 -3818.2 752.6
2968.7 -3807.6 752.8
2989.3 -3805.5 753.0
3023.7 -3810.3 753.3
-6723.6 4759.8 1193.4
-6852.6 4847.7 1148.8
1217.7 -6640.4 819.6
1091.5 -6148.0 759.5
1092.0 -6139.1 758.9
1075.9 -6114.2 758.0
4635.9 -8857.2 773.2
4637.2 -8849.3 772.2
4630.1 -8847.3 772.2
4601.5 -8831.2 771.0
4608.4 -8833.0 771.0
4595.8 -8832.4 771.3
4583.1 -8838.8 772.4
4596.3 -8844.3 772.7
-1602.2 -6045.2 780.4
-1900.4 -4795.2 750.0
-1934.3 -4808.0 750.0
-1902.4 -4814.6 750.0
-1911.5 -4820.8 750.0
-1913.2 -4791.3 750.0
1950.1 -8642.1 794.5
1990.7 -8644.6 787.9
1978.6 -8644.4 789.9
1940.4 -8640.1 796.2
1927.0 -8635.9 798.5
1929.1 -8629.6 797.9
1942.2 -8632.8 795.6
1955.5 -8633.8 793.4
1970.9 -8633.6 790.9
1989.3 -8635.0 788.0
-5415.2 -5155.2 769.8
-1075.1 -5752.5 750.5
-1081.3 -5947.8 766.0
-1106.9 -5930.0 765.0
-1097.8 -5932.1 765.1
-1086.1 -5859.0 760.2
-1055.2 -5858.5 758.7
-1045.4 -5863.2 758.7
-1034.4 -5870.2 758.8
-1026.8 -5875.5 758.9
-1033.8 -5950.9 765.7
-1015.8 -5920.1 762.2
-1011.4 -5911.6 761.3
1259.2 -7148.5 1002.6
-5449.5 -5628.0 772.1
-5464.2 -5625.0 772.0
-5478.9 -5622.0 772.0
-5504.9 -5616.7 771.9
1078.9 7763.9 1062.9
1095.4 7755.6 1058.7
1104.6 7746.3 1057.2
1114.5 7743.7 1055.0
1127.3 7751.1 1049.9
4112.5 -8276.9 769.8
4114.2 -8291.8 769.7
4115.7 -8306.7 769.6
4117.2 -8321.6 769.5
4118.7 -8336.6 769.4
4120.5 -8351.5 769.3
4122.2 -8366.4 769.2
4124.2 -8381.2 769.1
4126.6 -8407.0 768.7
3531.0 -7260.5 756.6
3536.1 -7274.4 756.7
3538.7 -7289.2 756.9
3541.0 -7304.0 757.0
3543.4 -7318.8 757.1
3545.7 -7333.7 757.2
3548.0 -7348.5 757.3
3550.3 -7363.3 757.3
3552.3 -7378.2 757.4
3554.2 -7393.0 757.5
3556.2 -7407.9 757.5
3562.6 -7421.2 757.6
3571.6 -7433.1 757.8
3580.7 -7445.1 757.9
3593.0 -7461.0 758.1
4821.5 -8882.1 774.1
4828.1 -8868.6 774.8
4834.7 -8855.1 775.5
4841.3 -8841.7 776.1
4852.6 -8818.8 777.3
4925.7 -8871.5 776.5
4938.4 -8863.6 776.9
4951.2 -8855.8 777.2
4963.8 -8847.6 777.6
4975.7 -8838.5 778.0
4987.7 -8829.4 778.5
5008.0 -8813.9 779.3
5351.1 -8913.0 856.6
5345.7 -8901.3 856.3
5341.4 -8893.3 856.0
5335.7 -8891.0 854.3
5331.7 -8889.4 853.1
5159.6 -8989.1 784.1
5167.5 -8981.6 785.9
5181.3 -8976.0 790.2
5188.5 -8973.9 792.7
5179.6 -9024.0 785.6
5203.9 -9000.5 794.7
5225.0 -8987.5 802.9
5242.2 -8981.0 809.7
5274.3 -8973.7 821.8
5289.5 -8971.9 827.2
5295.6 -8972.9 829.2
5261.2 -9109.0 799.2
5258.0 -9094.3 801.0
5254.9 -9079.7 802.2
5251.7 -9065.0 802.8
5249.1 -9050.2 803.5
5247.0 -9035.4 804.4
5244.9 -9020.5 805.5
5244.1 -9005.6 807.2
5242.2 -8981.0 809.7
-796.3 -5973.6 750.0
-811.2 -5971.3 750.6
-811.6 -5960.9 750.3
-829.8 -5946.6 750.8
-842.5 -5929.5 750.6
-841.3 -5915.3 750.0
-885.9 -5867.1 750.0
-921.6 -5827.7 750.0
-946.5 -5812.5 750.0
-993.8 -5762.8 750.0
-1034.8 -5735.3 750.0
-1036.2 -5720.2 750.0
-1050.1 -5724.5 750.0
-1410.5 -5643.8 750.0
-1452.0 -5630.1 750.0
-1421.4 -5617.7 750.0
-1436.2 -5612.4 750.0
-1448.9 -5614.7 750.0
696.7 -4649.2 750.0
687.6 -4641.3 750.0
816.0 -4620.0 750.2
801.9 -4624.4 750.2
770.7 -4623.7 750.1
762.6 -4622.8 750.1
695.6 -4624.7 750.0
815.3 -4609.3 750.4
808.5 -4605.5 750.5
697.1 -4608.7 750.0
789.2 -4595.4 750.6
680.3 -4591.3 750.0
786.3 -4580.5 750.8
769.1 -4574.9 750.9
759.2 -4575.1 750.9
732.8 -4578.5 750.6
688.1 -4577.6 750.2
739.4 -4561.3 750.9
759.0 -4545.7 751.3
686.7 -4548.4 750.6
770.4 -4533.9 751.6
699.1 -4531.4 750.9
79.8 -5924.3 750.7
91.6 -5895.6 750.7
86.0 -5881.3 750.3
94.5 -5871.2 750.3
-1510.4 -5656.7 750.4
1942.8 -6076.4 754.2
1943.7 -6045.9 754.1
4701.6 -8692.8 780.7
4689.0 -8698.8 779.8
4665.0 -8699.8 778.7
4690.2 -8669.4 781.9
-1796.9 -4765.0 750.0
-1845.6 -4771.9 750.0
-1787.9 -4753.5 750.0
-1799.7 -4750.4 750.0
-1834.5 -4755.5 750.0
-1876.3 -4750.0 750.0
-1891.1 -4756.2 750.0
-1907.5 -4748.6 750.0
-1816.6 -4741.7 750.3
-1874.7 -4739.7 750.0
-1878.0 -4721.4 750.8
-1904.2 -4711.7 751.0
-1870.5 -4691.1 752.3
-1850.4 -4677.2 752.7
-1877.1 -4675.4 753.0
-1849.0 -4662.1 753.1
-1885.9 -4662.0 753.5
-1858.5 -4647.6 753.6
-1873.8 -4629.1 754.3
-1905.4 -4629.8 754.6
-1857.6 -4614.3 754.6
-1880.0 -4621.8 754.6
-1889.5 -4593.4 755.8
-1889.3 -4570.9 757.4
-1924.6 -4570.7 757.2
-1930.8 -4542.8 758.9
-1901.7 -4528.0 759.8
-1931.4 -4530.2 759.5
-1921.5 -4509.5 761.2
-1931.6 -4513.2 760.9
-1955.2 -4514.1 760.7
-1917.4 -4501.6 761.9
-1936.8 -4501.1 761.8
-1946.2 -4495.5 762.2
-1938.5 -4482.2 763.3
-1985.5 -4849.4 750.0
-2009.9 -4832.8 750.0
-2043.6 -4830.4 750.0
-1994.0 -4822.2 750.0
-2014.1 -4801.6 750.0
-1953.0 -4783.7 750.0
-1951.7 -4777.1 750.0
-1982.3 -4771.9 750.0
-1994.7 -4774.8 750.0
-1942.3 -4758.9 750.0
-1954.7 -4761.8 750.0
-1994.4 -4760.6 750.0
-2017.1 -4754.4 750.0
-1963.6 -4740.4 750.0
-1988.2 -4743.0 750.0
-2025.7 -4741.6 750.0
-1967.7 -4727.6 750.0
-2046.2 -4730.3 750.0
-5254.0 -5104.8 770.0
-5257.4 -5090.6 770.0
